3
4
262149
5
7
8
9
262148
13
14
15
16
17
262156
19
20
262159
22
262164
25
26
27
262168
29
6
32
262178
31
37
38
262184
43
45
47
48
49
50
51
52
262196
262194
59
11
63
68
262212
70
262213
73
75
262220
262223
262224
262225
77
84
85
262230
87
88
262231
91
92
93
262238
262241
89
18
100
102
103
104
262245
262247
262249
109
111
112
262256
262252
262254
116
262255
262257
262258
122
262266
262268
125
262261
127
262272
131
132
262275
262278
262276
262280
138
140
262283
262289
262290
262285
262292
262294
262295
153
262297
262299
158
159
160
262303
262304
262306
262309
157
262311
262312
262315
177
262322
262323
262325
262327
262328
262329
187
262333
186
188
262336
190
194
196
262338
262344
262345
203
262346
205
262351
213
262349
262359
262356
217
262357
220
262366
262367
262369
44
228
229
262373
262375
262376
262382
239
262379
262380
262381
262388
262389
262390
252
254
262399
257
262
262407
267
262411
262413
262414
262415
262418
275
268
278
262422
262423
273
56
276
283
288
289
262426
262435
291
292
262441
299
300
301
262448
262442
307
262452
262453
262454
310
262460
316
262463
317
262465
319
320
262469
262470
324
327
321
331
325
262478
326
262480
262483
334
262486
262487
341
343
342
350
262489
262499
262501
262506
360
357
367
262511
262512
262514
362
262518
262519
377
262523
262524
262521
375
262529
386
262533
262534
262530
262539
262540
78
262542
262543
262545
262546
398
262549
262550
262551
399
409
262552
262554
262557
262560
262559
262562
262566
262568
262573
262574
262575
262576
262577
262578
262579
427
262582
262583
262584
441
262586
262590
262591
262585
262593
262597
450
452
262601
456
262603
262608
262610
262612
262613
262614
262615
262616
262620
262621
262622
262623
262624
262625
262626
262628
262629
262630
262633
97
490
262637
262638
262639
262640
262641
262644
500
262646
262648
262649
262651
262647
262653
262654
510
262656
262652
262655
518
262662
262665
262661
262667
262663
262666
262671
262673
262674
531
106
262679
262680
21
262682
262684
262685
545
262689
262691
262690
262692
262695
262693
262694
560
262702
262708
262709
262710
262712
262714
262715
565
566
571
262719
262722
262724
262726
262728
262730
589
262735
262736
262738
262739
262741
262742
598
262744
262745
262748
262749
262747
262751
262752
262750
262757
262754
262758
262762
262763
262767
262768
262770
619
262774
262775
627
262777
262779
262780
262781
262782
637
262784
262786
262787
636
262789
262790
262791
647
262793
262797
262798
262799
656
262801
262803
262805
262809
262810
262813
664
665
675
670
671
672
681
673
683
262828
679
687
262831
262834
688
262830
693
262833
698
262844
705
262845
262855
262857
262860
262861
262863
262866
262867
262871
262874
262875
262876
262878
262879
262881
262882
147
262885
262886
262888
262890
747
262889
749
262893
262895
262891
262899
262902
262905
262906
262908
262911
768
262913
764
262914
262916
773
775
262920
777
262922
776
780
782
262925
262931
262932
784
789
262926
792
262937
262938
793
262942
262934
800
262944
802
262947
806
809
262953
262954
262955
262957
808
813
262963
820
823
262967
262968
822
262965
262975
262974
833
834
835
166
837
262983
262977
167
841
843
262981
262982
262985
262986
262990
262996
262998
170
263002
263003
858
859
860
861
263008
263010
863
263012
867
868
263015
869
871
263018
874
875
263022
876
878
879
880
881
882
884
263023
263027
892
263029
263030
263039
896
263040
263033
263043
901
263046
263048
263041
263045
263049
910
263050
263053
263057
916
919
263058
263059
922
923
263060
263061
926
263070
263072
263065
263066
263076
263078
935
263075
263081
263083
939
263087
940
945
263084
263088
948
949
950
951
952
263089
956
957
958
959
263095
961
964
263109
263110
263111
968
969
970
971
972
973
263115
263119
263120
263116
980
982
263126
984
987
263130
989
263134
263133
992
263137
263139
996
263140
263142
263143
1001
1002
1003
1004
1009
263154
263156
263157
1012
1015
1017
1018
1020
1024
1025
263170
1021
263172
263173
1030
263174
1023
263169
263177
263179
263181
263182
263186
1043
263187
263190
263192
263193
